Step 0:
1 2 3
4 5 6
7 8 0

Step 1:
1 2 3
4 5 0
7 8 6

Step 2:
1 2 3
4 0 5
7 8 6

Step 3:
1 0 3
4 2 5
7 8 6

Step 4:
0 1 3
4 2 5
7 8 6

Step 5:
4 1 3
0 2 5
7 8 6

Step 6:
4 1 3
7 2 5
0 8 6

Step 7:
4 1 3
7 2 5
8 0 6

Step 8:
4 1 3
7 2 5
8 6 0

Step 9:
4 1 3
7 2 0
8 6 5

Step 10:
4 1 3
7 0 2
8 6 5

Step 11:
4 1 3
0 7 2
8 6 5

Step 12:
0 1 3
4 7 2
8 6 5

Step 13:
1 0 3
4 7 2
8 6 5

Step 14:
1 3 0
4 7 2
8 6 5

Step 15:
1 3 2
4 7 0
8 6 5

Step 16:
1 3 2
4 7 5
8 6 0

Step 17:
1 3 2
4 7 5
8 0 6

Step 18:
1 3 2
4 0 5
8 7 6

Output State:
1 3 2
4 5 0
8 7 6

